---------------------
latent nn
0.46863,0.33117
1.68085,0.9808
0.03967,0.08236
38.09574,38.86284
1.00838,0.83943
2.70827,0.95699
success_rate: 0.94

GSG nn
0.88522,0.32314
4.48,1.18727
0.59375,0.22902
success_rate: 1.0

fat nn
0.30577,0.21562
1.2907,0.45408
0.09519,0.0964
9.67442,5.37099
0.86384,0.596
2.2908,0.59221
success_rate: 0.86

latent rf
0.49202,0.3781
1.92708,1.17478
0.03902,0.06751
36.5,40.53111
1.13236,0.9071
2.43735,1.04238
success_rate: 0.96

GSG rf
0.39228,0.27385
1.92,1.02645
0.23035,0.13921
success_rate: 1.0

fat rf
0.26159,0.13969
1.28571,0.45175
0.16518,0.11562
7.66234,5.65366
0.70812,0.70424
1.65282,0.80366
success_rate: 0.77

latent svc
0.35978,0.26632
1.70526,1.02468
0.03933,0.07574
41.6105,40.9901
0.88344,0.63127
2.73979,0.8834
success_rate: 0.95

GSG svc
0.8352,0.25445
4.43,1.28261
0.64318,0.1812
success_rate: 1.0

fat svc
0.26911,0.09496
1.35,0.47697
0.20594,0.09475
8.62,6.48194
0.9117,0.72037
1.90177,0.738
success_rate: 1.0

latent xgb
0.385,0.24825
1.55,0.84113
0.02236,0.04277
41.76,38.0747
2.05446,1.61665
2.99567,0.66443
success_rate: 1.0

GSG xgb
0.29005,0.209
1.8,0.74833
0.16054,0.12806
success_rate: 1.0

fat xgb
0.31933,0.2977
1.3125,0.46351
0.12027,0.10499
10.14583,5.244
0.89899,0.44003
2.332,0.48362
success_rate: 0.96

Watcher nn
2.2807,1.3701
7.0,0.0
0.84193,0.53759
success_rate: 0.27

Watcher rf
2.19318,0.97569
7.0,0.0
0.81962,0.37696
success_rate: 0.24

Watcher svc
2.49242,1.31867
7.0,0.0
0.99248,0.6382
success_rate: 0.21

Watcher xgb
3.1983,1.1896
7.0,0.0
0.79915,0.40284
success_rate: 0.28

latent xgb
0.42866,0.29847
1.54,0.71302
0.03907,0.06152
73.1,48.51711
2.14454,2.1156
2.77407,0.62204
success_rate: 1.0

latent rf
0.504,0.39795
2.04,1.09471
0.04118,0.09041
63.13,49.98013
1.89723,1.57181
2.80433,0.80666
success_rate: 1.0

latent svc
0.4162,0.34253
1.84,1.00717
0.04881,0.09528
67.32,56.27502
0.72659,0.77436
2.18154,0.97191
success_rate: 1.0

latent nn
0.60443,0.55722
1.0,0.0
0.06893,0.11512
101.39,23.2456
10.66745,8.08981
3.40607,0.32697
success_rate: 1.0
