dice xgb
1.06284,0.45684
1.69737,0.81143
0.57714,0.48101
0.72039,0.24708
4.0,0.0
1.14779,0.25631
1.97821,0.6495
success_rate: 0.76

dice rf
1.38704,0.56445
2.44737,1.35136
0.71549,0.52175
0.53355,0.22633
4.0,0.0
1.28808,0.28494
2.31373,0.96053
success_rate: 0.76

dice svc
1.37749,0.19919
2.10526,0.44659
0.74696,0.5209
0.69145,0.21443
4.0,0.0
1.19401,0.16981
1.80905,0.41294
success_rate: 0.76

dice nn
1.68624,0.30743
4.6988,1.08367
0.11386,0.12984
0.48379,0.31184
4.0,0.0
1.72404,0.1126
4.4305,0.48975
success_rate: 0.83
------------------------

