latent xgb
0.39991,0.28627
1.23,0.42083
0.26701,0.13107
0.4168,0.15024
521.72,327.61264
8.14785,8.32926
6.64698,0.77545
success_rate: 1.0

watcher xgb
3.49167,0.24022
23.42593,1.71704
2.48386,0.07297
0.15,0.13299
success_rate: 0.54

gsg xgb
0.32822,0.24999
2.84,1.4541
0.39235,0.14972
0.824,0.22809
success_rate: 1.0

------------------------

latent xgb
0.39991,0.28627
1.23,0.42083
0.26701,0.13107
0.4168,0.15024
521.72,327.61264
8.14785,8.32926
6.64698,0.77545
success_rate: 1.0

watcher xgb
3.49167,0.24022
23.42593,1.71704
2.48386,0.07297
0.15,0.13299
success_rate: 0.54

gsg xgb
0.32822,0.24999
2.84,1.4541
0.39235,0.14972
0.824,0.22809
success_rate: 1.0

latent rf
0.43223,0.37151
1.8,0.52915
0.29703,0.14054
0.39276,0.20026
426.03,357.32673
7.60862,13.26229
6.59601,0.96334
success_rate: 1.0

watcher rf
3.61874,0.3303
26.21667,4.49478
2.56036,0.14723
0.11667,0.13683
success_rate: 0.6

gsg rf
0.44684,0.30344
2.76,1.6132
0.39662,0.16978
0.711,0.29458
success_rate: 1.0

latent svc
0.069,0.02427
1.21,0.40731
0.25583,0.13774
0.70164,0.15445
921.31,834.54225
6.14881,3.45148
5.19812,1.47103
success_rate: 1.0

watcher svc
3.53724,0.23242
23.92157,1.4531
2.50061,0.05818
0.10392,0.0625
success_rate: 0.51

gsg svc
0.88675,0.34382
7.13,3.33063
0.67822,0.24445
0.488,0.284
success_rate: 1.0

latent nn
0.05,0.0
1.0,0.0
0.22487,0.12112
0.7673,0.14633
1064.67,145.79719
22.49838,9.31723
6.62315,0.16657
success_rate: 1.0

watcher nn
3.57585,0.26601
24.90566,1.91581
2.54617,0.06703
0.27547,0.1164
success_rate: 0.53

gsg nn
0.97727,0.3643
9.3,3.41906
0.80747,0.2852
0.587,0.26633
success_rate: 1.0

