GSG nn
0.40801,0.56019
0.40304,0.1115
0.60843,0.47902

fat nn
0.4171,0.31004
0.08533,0.00059
0.47521,0.17045
174.83333,80.4843
0.98303,0.35074
3.53076,0.18478
success_rate: 0.96

GSG rf
0.41057,0.55598
0.37957,0.09582
0.61545,0.49201

fat rf
0.26793,0.25946
0.08607,0.00092
0.44621,0.19736
89.06522,85.73478
0.59172,0.37337
3.1395,0.60073
success_rate: 0.92

GSG svc
0.4123,0.56898
0.39522,0.11521
0.61374,0.50502

fat svc
0.44515,0.39586
0.08554,0.00075
0.53819,0.32805
161.78788,92.47705
1.04642,0.40605
3.38473,0.53748
success_rate: 0.99

GSG xgb
0.40999,0.57996
0.40043,0.10761
0.61702,0.51444

fat xgb
0.1741,0.16426
0.08523,0.00182
0.39189,0.12983
109.88889,83.80905
0.566,0.31707
3.26942,0.5374
success_rate: 0.99

d_counts
GSG nn
9.48,2.47984
fat nn
1.03125,0.17399
GSG rf
8.66,2.11764
fat rf
1.41304,0.49238
GSG svc
9.36,2.71485
fat svc
1.12121,0.32637
GSG xgb
8.9,2.65518
fat xgb
1.17172,0.37713

latent nn
0.50758,0.63858
1.43,1.57642
0.52576,0.31354
356.17,77.62913
0.85,0.48982
19.68424,2.21834
success_rate: 1.0

latent rf
0.65513,0.50824
4.79,7.15583
0.6585,0.36992
283.42,64.94015
0.90018,0.31899
19.73774,2.31203
success_rate: 1.0

latent svc
0.4266,0.35078
1.48,2.80171
0.51072,0.29602
355.26,59.17054
0.62463,0.17302
20.09932,1.96165
success_rate: 1.0

latent xgb
0.37033,0.24883
1.96,3.85466
0.51143,0.15861
331.24,50.03181
1.02146,0.46966
20.06209,1.49735
success_rate: 1.0
