dice nn
1.66102,0.31347
0.9174,0.04747
1.31298,0.27997
4.0,0.0
0.67962,0.22796
12.10035,0.84847
success_rate: 0.71

dice rf
1.04113,0.54807
0.10745,0.05204
0.79764,0.46381
4.0,0.0
1.29459,0.44287
3.08904,1.36625
success_rate: 0.73

dice svc
0.98743,0.4807
0.10531,0.04246
0.79434,0.45553
4.0,0.0
1.28458,0.44137
3.10274,1.20791
success_rate: 0.73

dice xgb
0.97037,0.58035
0.1036,0.04671
0.77584,0.51932
4.0,0.0
1.20283,0.44661
2.88007,1.19002
success_rate: 0.74

----------------------
dice xgb
0.67318,0.31763
1.51316,0.65882
0.60232,0.26091
0.59145,0.23147
4.0,0.0
1.11617,0.32974
2.46217,0.69922
success_rate: 0.76

dice rf
0.95674,0.5376
2.14667,0.96185
0.78614,0.50829
0.46733,0.2419
4.0,0.0
1.25236,0.42786
2.95333,1.087
success_rate: 0.75

dice svc
0.94701,0.46736
1.30263,0.4872
0.83784,0.4553
0.57138,0.26024
4.0,0.0
1.05741,0.29729
2.23355,0.44488
success_rate: 0.76

dice nn
2.21108,0.16134
20.36,4.979
1.83449,0.19936
0.61433,0.42391
3.92,0.27129
0.86668,0.35734
10.82556,2.03441
success_rate: 0.75
