dice xgb
0.24484,0.36503
1.89189,1.41963
0.17246,0.17615
4.0,0.0
1.31575,0.39859
2.7579,1.50055
success_rate: 0.74

dice rf
0.64312,0.65873
4.67568,4.03065
0.29163,0.2386
4.0,0.0
1.79195,0.68669
5.55177,4.11406
success_rate: 0.74

dice svc
0.70687,0.63876
2.63514,2.59716
0.32322,0.24497
4.0,0.0
1.46604,0.45869
3.51846,2.06339
success_rate: 0.74

dice nn
0.54599,0.45634
6.19481,2.19231
0.28303,0.08917
4.0,0.0
2.22843,0.25456
9.07079,1.598
success_rate: 0.77

-----------------------

dice xgb
0.29247,0.37896
1.89189,1.31074
0.20261,0.20786
0.67601,0.20947
4.0,0.0
1.28713,0.38785
2.78702,1.56538
success_rate: 0.74

dice rf
0.64064,0.60026
3.71622,2.51224
0.31846,0.22832
0.57804,0.17606
4.0,0.0
1.75179,0.5035
4.85801,2.52853
success_rate: 0.74

dice svc
0.6965,0.65102
2.56757,2.25461
0.32093,0.24344
0.89189,0.21341
4.0,0.0
1.50073,0.55614
3.84393,2.62303
success_rate: 0.74

dice nn
0.53519,0.45914
6.125,1.66864
0.27904,0.08633
0.62687,0.28237
4.0,0.0
2.22611,0.26341
9.04437,1.67582
success_rate: 0.8
