latent xgb
0.11498,0.25179
2.22222,0.46178
0.24461,0.10808
423.81818,329.55358
6.89663,6.09893
5.50737,0.87936
success_rate: 0.99

GSG xgb
0.2015,0.17542
1.84,0.78384
0.29767,0.11797
success_rate: 1.0

Watcher xgb
1.28565,0.27046
14.71264,5.06034
0.35693,0.03259
success_rate: 0.87

latent rf
0.62527,1.31744
2.62963,0.82319
0.22951,1.05911
337.30864,342.47911
6.33679,5.48329
5.11081,1.33367
success_rate: 0.28

GSG rf
0.68699,0.32179
3.75,2.33399
0.35662,0.14446
success_rate: 1.0

Watcher rf
1.25002,0.22745
12.525,6.17652
0.36644,0.0345
success_rate: 0.4

latent svc
0.025,0.0105
1.85,0.35707
0.22549,0.07917
1177.41,356.65886
1.66061,0.9657
5.35604,0.53869
success_rate: 1.0

GSG svc
0.72526,0.33376
17.21,3.63949
0.52787,0.14589
success_rate: 1.0

Watcher svc
1.13675,0.19278
10.27778,8.1432
0.36476,0.02727
success_rate: 0.58

latent nn
0.02941,0.0
2.0,0.0
0.20657,0.0636
2786.21,988.91125
2.54442,1.17506
4.95758,0.08597
success_rate: 1.0

GSG nn
0.44832,0.20012
19.38,4.125
0.49937,0.10186
success_rate: 1.0

Watcher nn
1.32385,0.32104
19.3913,24.71883
0.46017,0.2383
success_rate: 0.23

